1 4
1000001 13
2000001 8
3000001 37
4000001 36
5000001 35
6000001 53
7000001 14
8000001 52
9000001 44
10000001 5
11000001 72
12000001 91
13000001 21
14000001 5
15000001 1
16000001 1
17000001 139
18000001 80
19000001 98
20000001 56
21000001 104
22000001 33
23000001 47
24000001 2
25000001 128
26000001 0
27000001 64
28000001 93
29000001 114
30000001 131
31000001 141
32000001 41
33000001 102
34000001 67
35000001 176
36000001 0
37000001 100
38000001 188
39000001 192
40000001 190
41000001 176
42000001 170
43000001 153
44000001 188
45000001 119
46000001 196
47000001 97
48000001 330
49000001 805
50000001 88
51000001 180
52000001 290
53000001 122
54000001 220
55000001 252
56000001 0
57000001 0
58000001 31
59000001 5
60000001 507
61000001 0
62000001 184
63000001 0
64000001 860
65000001 723
66000001 793
67000001 0
68000001 1695
69000001 325
70000001 191
71000001 467
72000001 200
73000001 509
74000001 386
75000001 411
76000001 821
77000001 405
78000001 122
79000001 545
80000001 368
81000001 0
82000001 129
83000001 684
84000001 809
85000001 934
86000001 0
87000001 140
88000001 221
89000001 347
90000001 1398
91000001 979
92000001 0
93000001 1919
94000001 1099
95000001 552
96000001 1192
97000001 3097
98000001 0
99000001 1240

